.Random.seed <-
c(403L, 322L, -986255059L, -480774169L, -974135538L, 108826856L, 
1585054443L, -1883255927L, 228734744L, 910146118L, -2005189983L, 
-176046797L, -9214814L, 876120980L, -1215876585L, 2028975629L, 
2085262116L, -869224694L, 1013670517L, -1515298353L, 836348630L, 
-1750921600L, 874131651L, -1123651999L, -1781045552L, -1414995922L, 
1848722905L, 1100110315L, 1030671450L, 1587795484L, -1601906913L, 
-443602059L, 791900684L, 653788130L, -1149939523L, 401915703L, 
394192862L, -1704233704L, 469047419L, -1887625703L, 1389950632L, 
24990806L, -698388271L, -70185853L, -290132206L, 155957924L, 
-1098660249L, -330901571L, -507016908L, -340858214L, 247081189L, 
1333631615L, 1695417350L, -1931749488L, 1906547251L, -1061645871L, 
-42069120L, -766456226L, -1223608919L, 554685531L, -1368527766L, 
-2083523316L, -1978886321L, 2031977477L, 2113895100L, -1057879150L, 
-1429223283L, 1018941127L, 1764001710L, -63532536L, 807540235L, 
483712745L, -2014365256L, -1463224730L, 316838657L, 1386845587L, 
-6984126L, 1482166772L, 170748919L, 267997165L, 730577028L, -1106262L, 
-695233515L, -2068233041L, -1439757642L, 1484359904L, 922039331L, 
-1709348031L, -1412696528L, -684948402L, -592769863L, 70600907L, 
-1127033478L, -1163007876L, 602291391L, -655951467L, 324850092L, 
644539266L, -415168163L, 1893435479L, 568409918L, 1569040248L, 
1966410843L, -775652423L, -1071085048L, -453734218L, -1950070799L, 
1198952995L, -1077683598L, 1871569092L, 2043668103L, -2130420131L, 
-89980844L, 1447125626L, 1634843077L, -1654650081L, 1532864166L, 
-1123862480L, 1378462419L, -545062671L, 1118039072L, -404129090L, 
1843629769L, -1787491205L, -1451154870L, -553986388L, 347640239L, 
-1764312731L, 1842423580L, -1434211470L, -1628878867L, -1095604185L, 
-822185906L, -1531611992L, 1318222507L, 1147834313L, 1335387096L, 
424739462L, -580873375L, 143791859L, 2127382882L, -1003669548L, 
-1004059945L, -894596915L, -593330076L, 135900746L, -256230475L, 
1706886927L, 400561174L, -2071380288L, -1150228349L, 463340705L, 
-29218160L, 1439750510L, -1950091495L, 2127014827L, -658589286L, 
2010078556L, 446444639L, 1663347765L, -1021331508L, -147758302L, 
777985405L, -253153673L, 892180382L, 195606104L, -1736532037L, 
251687257L, 1992338152L, 561672982L, -1871088495L, 1233037635L, 
1843307602L, 1235875556L, -234573529L, 1995841917L, 40708212L, 
2002111066L, 2015151781L, -1046604609L, 1672750918L, -2139978288L, 
-246556685L, 1291661073L, 2096148288L, 879777566L, 966805481L, 
747433243L, -1578285270L, -805234612L, 1744957455L, -1071072443L, 
1156377852L, -210166958L, -472122163L, -179241849L, -2055223442L, 
-1807681208L, -2039513781L, 503177385L, -430931464L, -1259884250L, 
-1441713599L, -1921516589L, -44643966L, 1698184628L, -8074953L, 
-809722835L, 767035716L, 455671402L, -278071083L, 1313166959L, 
-492469386L, 1546040480L, 222178659L, 92421633L, 1703247216L, 
263576846L, -435380359L, -1287839989L, 68378682L, -2035323076L, 
1610304639L, 836394965L, -1168420372L, -1217125566L, -489919331L, 
411276567L, 1927457918L, 1010624180L, -2001539054L, 1394917344L, 
1743596492L, -1004200480L, -1622811614L, -142007000L, 595630348L, 
324505148L, -1160710926L, 149686512L, 1449445188L, 774869080L, 
1264517690L, -191088400L, -42593604L, -1348601324L, -67588926L, 
-1473657248L, -1858054788L, -961874736L, -1468660702L, 1181919400L, 
-1330868852L, -1098452548L, 1149016114L, -2054929600L, 1099714228L, 
1158259016L, -315473222L, -1310195952L, 515629292L, 26175572L, 
1974265618L, -617930336L, -1961572404L, -254320800L, -574817086L, 
-881684952L, 1335597484L, 974480188L, -804670606L, 1778233136L, 
1279516708L, 1766035000L, -397880614L, 1109964688L, -1752550148L, 
-1333404268L, 872854338L, -135026176L, -1469061060L, -476736944L, 
-1444900702L, 1888068424L, -786757108L, 1861212892L, 115282002L, 
927935616L, -97786028L, 1374490600L, 757170938L, -476297392L, 
-1265818580L, 482646388L, 84610706L, -594582944L, -1558703988L, 
-1102474912L, 1730713826L, 8006824L, -2085607732L, -1997825540L, 
710007730L, 779281392L, 326652356L, -547353256L, 968466810L, 
-1640975952L, -643348036L, 1692991060L, -1779181118L, 1930175264L, 
1786934204L, -182816688L, -574268446L, 33128296L, -1556089012L, 
651136764L, 1256560370L, 1931066624L, -1076392844L, -2064642552L, 
-1785674310L, -1900022320L, 499070956L, 607849364L, 35768530L, 
-254221216L, 1611631948L, -1715350752L, -307152254L, 105906664L, 
-1076511764L, 1188150844L, 642606706L, 980462448L, 1652694308L, 
-1554646472L, -1164889702L, 515190224L, 178013628L, -2019889516L, 
-1095687550L, -177381952L, -492456132L, -678350192L, -1941965022L, 
-2062518776L, -269614324L, -1137228900L, -1660019694L, 1782836096L, 
-1415292140L, -636357336L, -294735814L, -102644784L, -319784340L, 
446368820L, -336416622L, 2136308064L, -1312039604L, -647473696L, 
764566434L, -974759000L, 987421836L, 1798927292L, 1572709490L, 
-234453008L, -579951548L, 537167960L, -1577451462L, 900597872L, 
1796668988L, 1132324628L, 1487391426L, -1772121376L, -1978219396L, 
1928006864L, 239883170L, 1503088168L, 973275404L, 902301628L, 
379384114L, 250370240L, 1161024052L, -1250190648L, 1667875514L, 
20630672L, -1783347476L, -1173416364L, -579230062L, -256678112L, 
240170956L, 1614276832L, 257068738L, -1765501912L, 18783148L, 
1881672380L, 1109467634L, -1963694544L, 2106521508L, 343949752L, 
874847066L, -1406856048L, 1700731772L, -243654892L, -1397908158L, 
-1594306816L, -1717126212L, 482877264L, 806969634L, -1928975800L, 
1179965452L, -1321956260L, 728846802L, 1030395392L, -842960556L, 
-259317528L, -190131974L, -901536048L, -951269076L, 664058100L, 
-73028206L, 483625312L, -140326900L, 914500320L, 2092048994L, 
64387752L, -1212155316L, 132859772L, -853504718L, 162195056L, 
1025407812L, 1773963224L, -353886342L, -2044776912L, 64182204L, 
1150850644L, 73533506L, 81166496L, 1292496572L, -794031664L, 
1480385378L, -1661631768L, 605044940L, 90178044L, -1244452366L, 
-2120320384L, -843483660L, -601594232L, 981032762L, 986776400L, 
-2100956052L, 624982420L, 184067154L, -1803425312L, 1175838272L, 
1918943145L, 1201644059L, -2035131412L, -1875436550L, 76896303L, 
-1054189511L, -237098418L, 1727720092L, 223211533L, 348875895L, 
-12505984L, 1394756318L, -1595835989L, -996248915L, 2106058522L, 
-721373224L, 407286849L, -620248333L, 518046996L, -1985351518L, 
6876599L, 1288331649L, 1761417094L, -1192274492L, -1189157643L, 
-461410977L, -48332872L, 1915523734L, 879770787L, -1496721819L, 
-701205630L, 1211527408L, -1531357031L, -750112629L, 651729276L, 
-1058453590L, 1701992415L, -1111681687L, -1661892226L, 1228749164L, 
1463247293L, 1063940743L, -18971024L, 1882123534L, 1016615483L, 
1123612957L, 1205570506L, -493894424L, -472664111L, -1441895997L, 
462353092L, -948088462L, 1401347143L, 241225745L, 1731615126L, 
2143870196L, -1570744699L, 244965327L, 1307152072L, 1331095398L, 
-1140892269L, -511279371L, 269950674L, 364464416L, -777279223L, 
-863830469L, 304182156L, -1245638118L, -799518065L, 253623769L, 
2005852782L, -1511476740L, -271162515L, 126029079L, -2068453152L, 
-2144973122L, -2144592757L, -89269491L, 999877434L, 763970424L, 
1005637921L, 1475754451L, -1726863116L, -115824254L, 434633751L, 
1425361633L, 1429247014L, 1148563748L, -673828395L, 1218178431L, 
1932579864L, -330171594L, 1962671555L, -252406779L, -593645662L, 
1113090960L, -229544135L, -1789633557L, -805483300L, -161704694L, 
387111935L, 313007689L, 623938526L, 1937273740L, -1721863331L, 
1810969447L, -1977853808L, -158234962L, 114877275L, 1472246589L, 
-121914966L, -821373368L, 8726129L, -2122164253L, 717021924L, 
-1351845358L, 490008039L, -1044547151L, 1862029302L, -1799876076L, 
393649445L, 1594535471L, 1531534312L, -1122849594L, 1950882163L, 
-2060688939L, 1980839346L, 1506724736L, 1014173545L, 1476330459L, 
465152812L, -448776902L, -1367323665L, -404038023L, -814634738L, 
2125543644L, -1309855923L, -594256201L, 495029312L, 2047903006L, 
1291034603L, 382395245L, -1866206758L, 1862036376L, -1866214911L, 
-151583821L, 1420747476L, 1148126178L, -1124903305L, 315576257L, 
